0 74
0 828
1 431
2 1013
2 672
2 445
3 51
3 70
3 187
3 260
3 276
3 282
3 294
3 340
3 423
4 85
4 268
4 327
5 72
5 629
5 221
5 815
6 212
6 480
7 96
7 382
8 124
9 230
10 80
10 564
10 229
10 328
10 382
10 958
10 453
11 459
12 269
12 365
13 1083
14 58
14 65
14 76
14 96
14 99
14 210
14 437
14 444
15 72
15 73
15 132
15 307
16 1043
16 849
16 358
16 908
17 55
17 56
17 208
17 283
17 334
18 29
18 139
19 57
19 388
20 135
21 364
22 38
22 391
23 484
24 70
25 115
25 805
25 459
26 100
27 176
27 336
28 93
30 388
31 703
32 37
32 1050
33 1079
33 427
34 378
34 395
35 183
35 604
35 246
35 265
35 292
35 430
36 435
37 124
38 649
39 124
39 540
39 609
39 851
39 852
40 266
41 365
41 420
42 495
42 328
42 382
43 58
44 123
44 158
44 238
44 274
45 54
46 277
46 326
47 150
47 174
48 316
49 209
49 237
50 981
50 1051
50 808
50 810
50 345
51 187
51 260
51 282
51 294
52 61
52 286
52 469
53 117
53 389
54 1081
54 516
54 171
54 201
54 271
54 273
54 707
54 760
55 56
55 91
55 334
56 90
56 334
57 388
57 412
58 459
58 463
59 62
59 144
59 439
60 115
61 129
62 144
62 228
63 112
63 531
64 124
66 366
66 908
67 80
67 151
67 328
67 382
68 89
69 994
70 182
71 629
71 644
72 73
72 493
72 132
72 201
72 307
72 766
73 132
73 307
74 348
75 341
76 295
77 199
77 435
78 612
78 660
78 246
78 663
78 252
78 735
78 749
78 321
78 465
79 353
80 151
80 175
80 208
80 229
80 312
80 382
80 409
81 244
81 406
82 84
83 418
85 268
85 327
86 393
87 540
87 243
88 1056
88 828
90 91
90 334
91 334
92 253
94 492
94 119
94 505
94 803
95 137
96 99
96 125
96 210
96 437
96 444
97 163
97 413
98 256
98 828
99 125
99 210
99 437
99 444
100 150
100 171
100 174
100 467
100 912
101 122
102 981
102 226
103 131
104 461
105 139
106 107
106 215
106 838
106 370
108 247
109 1074
109 124
109 312
109 837
110 1051
110 166
110 377
111 176
112 1043
112 513
112 149
112 159
112 197
112 650
112 239
112 326
112 828
113 813
113 436
114 427
115 317
115 385
116 179
117 316
117 389
118 195
118 229
120 230
120 312
120 908
121 383
123 158
123 274
124 982
124 1038
124 1046
124 513
124 528
124 530
124 540
124 161
124 636
124 639
124 778
124 862
124 864
125 210
125 235
125 437
125 444
126 347
126 431
127 1083
128 664
128 787
128 486
128 332
128 350
129 625
129 249
130 154
130 249
130 328
130 354
130 429
131 428
132 307
133 435
133 447
134 969
134 253
136 192
136 324
137 975
138 647
138 349
139 226
140 287
141 922
142 296
142 392
143 365
143 420
145 288
146 277
147 255
147 286
147 314
147 376
148 178
148 207
148 309
148 407
148 415
148 419
148 448
149 482
150 274
150 371
151 157
151 180
151 181
151 182
151 192
151 195
151 213
151 229
151 302
151 312
151 372
151 382
151 400
152 153
152 259
152 438
153 380
154 1102
154 163
154 243
154 828
155 258
155 277
156 221
156 322
157 180
157 181
157 182
157 192
157 195
157 213
157 229
157 302
157 372
157 382
157 400
158 242
158 274
159 168
159 169
159 175
159 256
160 229
160 375
160 382
161 1033
161 519
161 609
161 230
161 852
162 208
162 283
163 741
163 346
164 299
164 306
164 318
165 575
165 414
165 432
166 219
166 279
166 377
167 1066
167 241
167 245
167 425
168 523
168 169
168 256
168 720
168 488
168 884
169 626
169 223
169 256
169 822
169 881
169 884
169 404
169 928
170 234
170 252
170 292
170 458
171 1083
171 315
171 457
172 365
173 286
173 431
173 443
174 467
177 417
178 207
178 309
178 407
178 415
178 419
178 448
179 307
179 317
180 181
180 182
180 192
180 195
180 213
180 229
180 302
180 372
180 382
180 400
181 182
181 192
181 195
181 202
181 213
181 229
181 231
181 290
181 302
181 372
181 375
181 382
181 397
181 400
181 449
182 192
182 195
182 213
182 229
182 302
182 352
182 372
182 382
182 400
183 1096
183 430
184 746
184 398
185 195
185 618
185 294
185 325
185 423
186 476
187 260
187 276
187 282
188 262
188 796
188 885
189 460
190 220
190 475
190 399
191 301
192 195
192 202
192 213
192 229
192 302
192 324
192 372
192 382
192 400
192 405
193 203
194 970
194 483
195 202
195 213
195 229
195 302
195 372
195 382
195 400
195 446
196 1096
196 254
196 319
196 891
197 326
198 426
198 435
199 565
200 243
200 291
200 321
200 470
200 410
201 1081
201 516
201 273
201 707
201 760
202 228
202 231
202 324
202 801
202 363
202 370
202 382
202 405
202 460
204 258
204 900
204 435
205 252
205 291
205 298
205 474
205 796
206 379
207 309
207 407
207 415
207 419
207 448
208 342
209 237
210 471
210 795
210 437
210 444
211 320
212 1077
212 480
212 367
213 229
213 254
213 302
213 372
213 382
213 400
214 218
214 826
214 828
215 373
216 1047
216 1096
216 224
217 242
217 270
217 280
217 347
218 828
220 442
221 228
221 305
222 1004
222 1039
222 1081
222 403
222 442
224 1096
224 252
224 302
224 349
225 267
225 388
225 393
226 666
227 341
228 460
229 976
229 302
229 312
229 328
229 372
229 382
229 400
230 987
230 990
230 1070
230 1072
230 1079
230 1099
230 499
230 284
230 321
230 776
230 854
230 862
230 374
230 430
230 939
231 324
231 405
232 747
233 237
234 257
234 263
234 458
236 451
237 264
238 484
238 407
238 408
240 349
241 425
241 452
242 467
243 974
243 976
243 1058
243 551
243 310
243 746
243 316
243 328
243 822
243 843
243 890
243 429
243 963
244 406
245 425
246 970
246 987
248 618
249 331
250 451
250 453
251 455
252 338
252 403
252 908
252 410
255 286
255 314
256 590
256 697
256 326
256 856
257 970
257 473
259 484
259 380
259 424
260 618
260 276
260 282
260 294
261 312
261 477
261 404
262 402
263 458
265 987
265 1096
265 292
265 430
267 300
267 388
268 327
269 286
269 431
271 361
272 516
273 1081
273 516
273 331
274 467
275 293
275 329
275 456
276 282
277 1028
277 632
277 652
277 673
277 337
278 454
279 377
280 353
281 991
284 987
284 1057
284 624
284 470
285 388
286 314
286 830
286 431
286 443
286 457
287 1084
289 1067
289 348
289 376
290 466
291 298
291 458
292 987
292 1096
292 430
293 329
293 456
294 618
294 319
294 423
295 557
297 374
299 306
299 318
299 440
300 482
300 388
301 471
301 387
301 884
302 372
302 382
302 400
303 452
304 1079
305 460
306 318
306 440
307 1081
308 837
309 407
309 415
309 419
309 448
311 457
312 1061
312 621
312 328
312 807
312 333
312 382
313 371
315 1083
315 457
316 597
316 386
317 332
317 385
318 440
319 1096
319 423
321 970
321 987
321 1043
321 1096
321 1099
321 624
321 470
321 862
323 361
324 624
324 405
328 1050
328 477
328 382
328 404
329 456
330 388
331 516
331 707
331 756
331 760
331 964
332 350
333 533
333 577
333 620
333 898
333 408
333 412
333 438
334 457
335 898
337 804
338 403
339 437
339 444
341 447
341 957
343 601
344 685
346 413
347 746
347 828
347 415
349 1057
349 579
349 588
349 464
349 886
349 908
350 664
351 659
354 558
354 404
355 424
355 462
356 370
357 734
358 1031
358 1043
358 849
358 908
359 513
360 516
362 438
365 620
365 652
365 846
365 408
365 420
367 480
368 489
369 401
372 382
372 400
375 880
378 395
381 828
382 400
384 444
386 597
388 457
390 1102
393 498
393 438
394 403
396 477
396 404
397 466
403 764
404 801
404 477
405 624
406 513
407 415
407 419
407 448
408 620
410 1072
410 470
411 566
412 1055
412 438
413 741
413 478
414 432
415 419
415 448
416 435
419 448
421 458
422 987
422 1096
422 430
423 618
427 1022
427 1058
427 664
427 697
427 802
428 450
430 604
431 482
431 443
433 1078
434 477
436 886
437 444
438 577
438 620
438 714
441 1003
444 1076
446 837
459 884
459 463
466 863
468 1012
471 1050
471 664
472 1066
477 996
477 721
477 801
479 557
480 1077
481 618
485 1019
485 1065
485 1074
485 1075
485 562
487 946
490 694
491 1063
494 1087
494 817
494 920
495 1100
496 531
496 858
496 867
497 597
500 1002
501 527
502 1082
503 1102
504 1060
505 1092
505 652
505 892
505 907
505 949
506 997
507 924
508 705
509 619
509 751
509 964
510 517
511 1026
512 618
513 1062
513 530
513 615
513 913
513 915
514 518
515 1072
516 1033
516 1081
516 519
516 563
518 1068
518 537
518 607
518 692
518 701
518 759
518 882
518 964
519 1033
519 696
519 704
519 765
519 841
519 874
519 961
520 616
520 619
520 692
520 695
520 698
520 751
520 796
520 888
520 905
520 964
521 1008
522 557
524 999
524 939
525 983
525 1045
525 744
526 1021
526 762
526 840
527 782
527 943
529 656
531 855
531 861
531 894
531 934
532 1018
532 1026
532 1040
532 1048
532 1072
533 1041
533 1074
533 577
534 544
534 706
535 1079
536 792
536 881
537 1068
537 692
537 759
537 882
538 732
538 770
539 1071
539 903
540 726
540 851
541 1039
541 1083
541 1101
541 739
542 1074
543 688
544 706
545 546
545 628
545 768
545 866
545 940
545 960
546 1068
546 701
546 759
546 768
546 842
546 866
546 883
546 960
547 595
547 761
547 915
547 954
548 549
549 1007
550 731
552 830
553 580
553 598
554 732
554 770
555 962
556 578
556 603
556 769
556 848
557 1028
557 1032
557 1053
557 1068
557 593
557 923
558 676
558 719
558 730
558 931
558 947
559 816
559 922
560 884
561 991
561 1083
562 968
562 1019
562 1075
562 1095
562 576
562 841
562 846
562 856
562 862
563 1015
564 592
564 596
564 599
564 692
564 728
564 758
564 888
566 846
567 972
567 983
567 1045
567 844
568 623
568 799
568 850
569 1010
569 574
570 583
571 711
572 680
573 901
574 1010
576 846
577 1041
577 1074
577 620
578 668
578 848
578 925
579 1031
579 908
581 1006
582 764
583 944
584 786
584 910
585 587
585 658
586 692
586 839
586 888
587 595
587 658
587 679
587 742
587 809
587 811
587 841
587 846
587 944
587 954
589 1068
589 701
590 675
591 938
592 596
592 599
592 692
592 728
592 758
592 888
593 654
593 738
593 906
594 800
595 623
595 740
595 742
595 846
595 944
595 954
596 599
596 692
596 728
596 758
596 888
597 1025
597 1069
597 781
597 821
597 833
597 889
599 692
599 728
599 758
599 888
600 669
600 754
600 894
601 1014
601 723
601 794
601 937
602 985
602 989
602 1017
602 639
602 704
602 718
602 876
603 925
605 985
605 989
605 1033
606 771
607 701
607 759
608 1037
608 832
609 1033
609 1046
609 917
610 884
611 1039
611 889
613 628
614 1098
615 1092
616 1097
616 657
616 687
616 690
616 796
616 894
617 622
618 1083
618 626
618 674
618 750
618 928
619 940
622 631
623 1025
623 846
623 850
625 921
626 750
626 928
627 653
627 846
628 701
630 680
632 1092
632 653
632 709
633 1064
633 739
633 759
634 794
635 1068
635 701
636 1033
636 1038
636 917
637 712
637 871
638 651
639 1017
639 704
639 718
639 765
639 876
640 736
641 644
641 915
641 933
642 991
643 824
643 944
644 827
644 933
645 1083
645 653
646 695
646 960
648 672
649 966
649 1029
649 683
649 953
650 740
652 1092
652 678
652 739
652 892
652 907
652 949
653 1083
654 1017
654 738
654 963
655 846
657 662
657 692
657 801
657 861
657 888
658 846
659 846
661 695
662 855
662 861
662 894
662 934
662 950
664 778
664 837
664 884
664 946
665 845
667 672
668 783
668 848
669 754
669 894
670 825
670 899
670 928
671 998
672 753
675 846
675 880
675 905
677 1098
678 836
681 694
682 1091
682 810
683 953
684 708
685 1044
686 708
687 725
688 965
689 946
690 692
690 695
691 1099
691 915
692 1086
692 695
692 728
692 745
692 758
692 888
692 894
692 927
692 960
693 708
695 715
695 725
695 894
696 963
698 888
698 894
699 757
699 960
700 713
700 729
700 868
701 1068
701 777
701 919
701 932
702 933
704 985
704 989
704 1017
704 1033
704 718
704 738
704 765
704 876
705 950
709 739
709 823
709 846
709 884
710 761
710 838
712 1005
712 1028
712 1032
712 1083
713 729
713 757
713 868
716 870
717 1033
718 1017
718 876
719 730
719 947
722 732
722 770
722 941
723 794
723 937
724 846
725 751
725 757
725 873
725 940
725 960
727 736
728 758
728 888
729 868
730 947
731 977
732 743
732 770
733 971
734 770
736 737
736 752
736 775
736 879
738 1017
738 963
739 1019
739 1064
739 759
739 846
740 846
740 954
742 1099
742 759
742 954
743 770
744 983
744 1045
745 772
745 808
745 810
748 784
748 865
750 825
750 869
750 899
750 928
751 960
754 894
755 794
755 948
757 932
757 960
758 888
759 777
759 846
761 846
762 1021
762 840
763 875
765 977
765 876
767 899
768 873
770 941
773 1083
773 829
773 835
774 929
777 1068
777 919
778 1046
778 862
779 886
780 936
784 820
785 993
788 905
789 821
790 913
791 1015
793 992
793 1036
793 893
794 872
794 914
794 937
795 1024
796 1047
796 1097
797 1020
798 813
800 858
801 867
801 894
806 916
808 810
808 935
809 985
809 989
809 811
809 819
809 846
810 933
810 935
812 1009
812 1052
813 1023
813 1098
814 862
816 897
816 922
817 1087
818 853
819 985
819 989
819 1033
823 1077
824 980
824 1034
825 849
825 899
827 915
827 933
831 988
834 847
835 1083
836 1019
836 846
838 915
840 1021
841 974
841 982
841 1068
841 1075
841 846
841 880
842 974
843 998
843 951
845 881
846 967
846 1039
846 1073
846 887
846 896
846 918
846 942
846 954
848 925
852 1046
852 862
855 861
856 1019
857 999
857 939
859 1088
860 925
861 867
861 894
861 934
861 950
862 1046
864 1033
865 998
867 950
869 928
870 909
871 1000
871 1066
873 1090
873 884
873 940
873 960
874 1033
874 959
876 1017
877 1099
878 1065
880 982
880 1068
882 974
882 1068
885 1047
886 926
888 980
888 1097
888 894
888 927
888 964
889 1083
891 1016
892 1092
892 907
892 949
895 1026
895 1049
895 1059
896 967
899 928
902 1071
903 1089
904 1057
907 1092
907 945
907 949
908 970
908 987
911 956
914 937
917 1033
920 1087
930 945
932 1030
932 963
940 960
942 952
949 1092
951 998
955 1042
958 1066
960 1086
961 1033
968 1075
973 1065
974 1068
976 1000
978 1102
979 1102
980 1034
981 1051
983 1045
984 1065
985 989
986 1063
991 1083
995 1003
1001 1075
1009 1052
1011 1026
1011 1074
1016 1051
1019 1075
1019 1101
1026 1049
1026 1059
1026 1072
1026 1080
1027 1098
1033 1038
1034 1083
1035 1102
1036 1094
1040 1048
1041 1074
1048 1072
1048 1074
1049 1054
1051 1093
1065 1075
1071 1089
1072 1074
1074 1077
1078 1085
1092 1099
