0 121
0 167
1 121
2 7
2 12
2 58
2 66
2 72
2 75
2 76
2 113
2 144
2 182
3 78
4 95
4 149
5 12
5 78
5 122
5 151
6 76
6 144
7 76
7 182
8 94
9 103
9 104
10 53
10 112
10 126
10 145
10 164
11 74
12 13
12 14
12 21
12 22
12 30
12 34
12 40
12 41
12 42
12 43
12 44
12 45
12 46
12 47
12 48
12 49
12 50
12 51
12 52
12 55
12 56
12 57
12 62
12 63
12 64
12 66
12 68
12 70
12 72
12 75
12 77
12 81
12 82
12 84
12 86
12 87
12 88
12 91
12 92
12 94
12 96
12 99
12 100
12 101
12 104
12 105
12 106
12 107
12 108
12 109
12 110
12 112
12 113
12 114
12 115
12 116
12 117
12 118
12 119
12 121
12 127
12 128
12 129
12 132
12 135
12 136
12 138
12 139
12 142
12 143
12 145
12 148
12 150
12 151
12 152
12 153
12 154
12 155
12 158
12 161
12 163
12 165
12 167
12 168
12 169
12 170
12 171
12 172
12 174
12 175
12 176
12 177
15 16
17 146
18 61
18 65
18 70
18 85
18 178
19 34
20 123
20 178
21 70
23 61
23 65
23 70
23 85
23 94
23 136
23 148
24 83
24 99
24 120
25 61
25 65
25 83
25 85
25 118
25 123
26 94
27 120
28 164
29 63
29 164
30 178
31 62
31 96
31 102
31 103
31 105
31 110
31 147
31 157
31 171
32 53
33 147
35 115
36 99
37 110
37 149
38 102
38 105
38 171
38 187
39 79
39 105
39 140
39 148
39 178
40 67
41 63
42 151
49 135
53 60
53 96
53 155
54 72
54 107
56 59
56 85
58 145
59 62
59 103
59 191
59 192
60 85
61 85
63 155
63 164
63 189
65 85
66 108
66 180
69 179
69 188
71 73
72 99
72 107
72 115
72 185
76 182
77 121
80 139
80 142
83 115
85 94
88 164
88 179
88 187
88 188
88 189
89 185
90 171
92 140
93 191
95 191
95 192
96 191
97 185
98 190
101 140
101 180
107 185
108 180
109 145
110 191
110 192
111 140
112 145
121 193
124 125
126 145
126 189
130 131
132 133
134 135
135 154
135 168
136 137
139 142
141 186
145 162
145 181
146 169
148 191
148 192
149 191
149 192
154 168
155 190
156 182
157 191
157 192
159 161
160 161
164 179
164 188
164 189
166 167
172 191
173 174
179 187
179 188
179 189
181 183
184 185
187 188
191 192
191 194
192 194
